10000	4791	4343	4363	4380	6639	4400	4366	5061	4415	4347	4356	3497	3803	6409	4357	4341	4363	4353	4388	4347	4390	4372	4359	4366	4785	4369	4401	4344	4816	4352	4355	4341	4309	5352	4785	4340	4398	4349	4379	4327	4727	4408	4339	4404	4380	4351	4381	4325	4380	3809	4394	4377	4359	4308	4363	4361	4341	5344	4341	4355	4324	4340	4778	4358	5642	4372	5161	4354	4380	4334	6317	4377	4362	4370	3702	684	3820	4365	4248	4349	4368	4366	4399	4393	4327	4644	4334	4393	3955	4786	4411	4393	4420	4304	4371	4359	4329	4388	1843
4791	10000	4127	4124	4307	5130	4169	4050	7166	4335	4204	4023	3663	3944	5194	4061	4120	4274	4249	4126	4258	4294	4246	4196	4309	8053	4248	4319	4030	8175	4174	4180	4244	4050	6401	7089	4321	4092	4173	4231	4174	8073	4278	4195	4105	4296	4149	4245	4293	4250	3834	4139	4110	4146	3992	4226	4151	4180	6282	4207	4199	4091	4321	8863	4276	7023	4358	6353	4277	4249	4254	5150	4176	4258	4279	3982	694	4052	4349	5764	4163	4161	4299	4348	4258	4076	4235	4124	4195	3890	8699	4090	4269	4219	4125	4255	4265	4334	4245	2026
4875	4127	10000	6132	6675	4056	7081	6338	3193	6325	6975	7668	2599	3312	3874	7798	7051	6050	6183	6824	6842	6137	6200	6558	6688	3094	6717	6278	7177	3054	7222	7224	6232	8414	4008	3105	5933	6309	7496	6291	7174	3003	6001	7045	6052	6714	6232	6998	6856	6306	3448	6126	6810	7247	7161	7134	7255	7256	3921	7027	7028	7376	6040	3026	6205	3334	6022	3434	6179	6181	6940	3814	6275	6227	6188	3076	467	3385	6620	2899	7057	7181	6148	6607	6742	7773	3576	7413	7172	3218	3030	6363	5729	6285	6926	6954	6169	5945	6140	1630
3599	3031	6132	10000	5809	4030	5913	6126	3101	6041	5706	6192	2393	3139	3797	6074	5860	5534	5713	5484	5672	5719	5761	5316	5789	3000	5814	5988	5942	2965	5958	5956	5181	6050	3984	3004	5516	6149	5942	5918	5950	2916	5528	5693	5809	5823	5897	5767	5499	5872	3333	5770	5478	6034	5927	5979	5961	5853	3927	5783	5774	5940	5535	2934	5735	3227	5658	3357	5699	5754	5629	3755	5955	5765	5756	2888	414	3208	5712	2803	5771	5912	5708	5749	5878	6033	3471	5933	5905	3055	2931	6173	5251	5899	5720	5766	5708	5494	5707	1610
3501	3067	6468	5809	10000	4151	6948	6348	3438	6594	6798	7086	2740	3409	4002	7023	6837	6211	6382	6459	6765	6356	6424	6403	8006	3336	8548	6494	6852	3299	7008	7003	6107	6940	4103	3332	6195	6334	6886	6476	6923	3250	6129	6700	6079	7960	6371	6844	6646	6468	3525	6241	6449	6990	6771	7010	7004	6820	4086	6834	6816	6846	6256	3285	6384	3574	6335	3662	6377	6348	6738	3938	6452	6409	6386	3187	482	3518	7889	3190	6558	6931	6345	7791	7552	7002	3704	6867	6970	3348	3290	6389	5853	6413	6740	6896	6370	6227	6315	1720
5690	3917	4214	4320	4151	10000	4495	4627	4418	4486	4371	4576	2983	3473	6114	4567	4421	4416	4420	4512	4347	4424	4440	4420	4414	4172	4437	4460	4492	4201	4465	4473	4332	4516	5197	4162	4323	4649	4471	4522	4461	4084	4502	4377	4631	4450	4540	4399	4281	4489	3623	4602	4513	4507	4471	4466	4465	4406	5115	4381	4389	4452	4347	4136	4423	4902	4373	4678	4401	4441	4320	5954	4572	4432	4423	3271	578	3503	4367	3687	4438	4438	4425	4387	4474	4543	4412	4470	4445	3566	4151	4640	4451	4526	4363	4389	4402	4285	4423	1699
4004	3381	7812	6731	7378	4495	10000	6370	3262	6424	7133	7333	2582	3302	3918	7256	7196	6081	6193	6734	7470	6176	6270	6716	6736	3156	6751	6404	7188	3119	7409	7405	6383	7247	4062	3141	5974	6403	7020	6393	7086	3060	6068	6837	6152	6749	6324	7787	6692	6323	3487	6196	6733	7497	7163	7464	7433	6974	4029	7153	7165	7069	6147	3083	6248	3386	6061	3512	6247	6250	6656	3863	6325	6311	6259	3078	486	3415	6672	2954	6726	7332	6229	6704	6774	7217	3632	7116	7396	3199	3100	6443	5799	6298	7058	7141	6251	6018	6197	1637
3635	3004	6397	6380	6167	4233	6370	10000	3037	6255	5844	6398	2331	3108	3798	6306	5996	5729	5849	5757	5779	5843	5894	5589	5879	2945	5931	6159	6096	2901	6111	6105	5444	6244	3962	2948	5562	7566	6084	6048	6049	2839	5705	5784	7041	5947	6034	5869	5648	6037	3354	5935	5741	6186	6096	6071	6124	5892	3933	5900	5916	6061	5680	2865	5875	3176	5763	3337	5829	5885	5749	3742	6090	5891	5879	2852	425	3176	5798	2724	5897	6055	5825	5859	6000	6235	3456	6064	6043	3027	2864	7581	5549	6089	5823	5872	5840	5603	5887	1576
4019	5070	3074	3080	3185	3855	3111	3037	10000	4408	4280	4180	3573	3953	5349	4197	4227	4361	4334	4226	4323	4369	4323	4289	4383	6918	4338	4389	4174	6960	4292	4290	4299	4176	6866	7365	4387	4210	4262	4323	4250	6885	4349	4280	4248	4370	4246	4339	4354	4322	3898	4249	4221	4255	4147	4303	4271	4262	6544	4286	4293	4225	4387	7011	4342	7365	4393	6509	4349	4342	4307	5311	4261	4335	4365	3948	742	4023	4406	5492	4246	4270	4341	4417	4357	4187	4229	4233	4305	3870	6983	4214	4342	4313	4241	4321	4337	4352	4325	1959
4830	4225	8388	8266	8418	5393	8440	8617	4408	10000	6313	6716	2551	3280	3976	6540	6404	6132	6321	5935	6249	6327	6397	5906	6434	3320	6440	7340	6413	3263	6605	6604	5721	6517	4128	3293	6080	6630	6510	6505	6426	3203	6115	6225	6285	6458	6355	6358	6235	6467	3487	6226	5922	6616	6368	6513	6534	6327	4152	6331	6344	6406	6223	3250	6382	3530	6284	3631	6294	6309	6155	3896	6440	6425	6321	3079	432	3376	6343	3107	6222	6490	6349	6441	6495	6521	3659	6449	6506	3177	3261	6626	5836	6418	6248	6429	6308	6146	6303	1701
3660	3154	7120	6009	6679	4044	7213	6197	3294	6313	10000	7275	2745	3452	3943	7231	7731	6093	6205	6818	7108	6209	6265	7426	6819	3266	6805	6425	7310	3218	8211	8217	6849	7274	4034	3259	6074	6291	7070	6322	7226	3177	6078	6996	6030	6803	6233	7312	6853	6328	3543	6141	6797	7403	7299	7384	8063	7067	4042	7707	7751	7104	6203	3187	6262	3478	6139	3585	6260	6222	6818	3893	6302	6304	6259	3230	505	3525	6766	3076	6747	8623	6236	6768	6786	7259	3678	7095	7936	3376	3201	6328	5825	6268	7654	7722	6248	6126	6223	1691
3719	3060	7937	6613	7059	4293	7520	6878	3262	6810	7275	10000	2366	3107	3777	7694	6964	6010	6132	6751	6695	6074	6180	6413	6592	2931	6631	6273	7075	2892	7124	7124	6094	7609	3968	2929	5805	6439	7337	6354	7060	2824	6014	6845	6163	6680	6306	6859	6665	6301	3353	6206	6743	7161	7070	7026	7180	7125	3916	6876	6902	7308	5989	2862	6146	3173	6004	3322	6144	6170	6730	3717	6362	6215	6139	2871	433	3193	6504	2721	6874	7082	6118	6511	6687	7674	3459	7327	7113	3036	2868	6441	5739	6249	6791	6841	6137	5916	6109	1570
2795	2608	2519	2392	2555	2620	2479	2346	2611	2422	2570	2366	10000	4318	4031	3605	3812	3734	3734	3724	3815	3817	3699	3778	3820	3911	3765	3694	3753	3890	3692	3695	3840	3657	3750	3932	3904	3491	3739	3650	3753	3916	3766	3867	3501	3752	3557	3797	3880	3674	3886	3553	3728	3631	3760	3740	3678	3788	3573	3843	3818	3740	3762	3909	3719	4002	3753	3881	3740	3722	3937	4220	3552	3698	3720	4357	890	4276	3845	3931	3773	3765	3697	3801	3720	3633	4274	3745	3709	4586	3890	3500	3682	3707	3909	3824	3749	3888	3784	1899
4537	4192	4789	4683	4746	4553	4730	4669	4310	4647	4822	4637	4318	10000	3572	3700	3826	3692	3701	3809	3763	3778	3701	3788	3755	3295	3767	3721	3872	3292	3760	3754	3831	3756	3559	3326	3753	3687	3798	3710	3774	3267	3790	3851	3641	3739	3624	3760	3777	3721	3593	3633	3795	3721	3877	3793	3747	3765	3481	3821	3816	3773	3677	3306	3720	3534	3724	3515	3697	3684	3888	3641	3627	3697	3679	3814	465	3827	3771	3237	3802	3813	3674	3797	3743	3719	3646	3769	3783	3983	3290	3703	3696	3772	3855	3784	3696	3764	3781	1914
6042	4362	4427	4478	4403	6334	4436	4509	4610	4451	4354	4455	3186	3572	10000	4543	4439	4497	4479	4519	4404	4471	4495	4467	4481	4489	4485	4495	4505	4508	4492	4488	4414	4500	5253	4464	4406	4619	4476	4556	4474	4443	4537	4439	4628	4490	4562	4477	4369	4537	3766	4597	4527	4545	4469	4502	4476	4436	5263	4426	4432	4456	4442	4458	4488	5212	4466	5015	4480	4512	4404	6689	4585	4493	4487	3494	674	3679	4443	3989	4472	4466	4474	4472	4504	4523	4527	4466	4472	3756	4487	4605	4518	4554	4403	4436	4482	4374	4486	1744
4181	3472	9070	7291	7863	4815	8363	7619	3681	7453	8127	9237	2900	3766	4543	10000	6993	6002	6124	6824	6720	6007	6152	6414	6578	2975	6667	6216	7068	2947	7116	7109	6104	7740	3986	2966	5833	6360	7383	6247	7113	2877	5980	6953	6115	6663	6291	6875	6702	6237	3382	6184	6813	7163	7019	7082	7218	7228	3905	6966	6970	7381	5977	2900	6124	3222	5941	3344	6110	6157	6765	3749	6288	6158	6145	2907	448	3247	6490	2772	7049	7047	6096	6525	6657	8757	3502	7362	7113	3072	2919	6399	5685	6223	6852	6852	6131	5903	6075	1583
3498	2958	6888	5907	6429	3914	6965	6085	3114	6129	7297	7021	2575	3271	3728	6993	10000	5921	6074	6715	6893	6047	6093	6980	6571	3109	6649	6291	7181	3070	7737	7745	6463	7191	4006	3099	5924	6242	6965	6224	7094	3016	5969	6824	5955	6579	6129	7107	6686	6215	3478	6038	6713	7264	7189	7261	7977	6910	3928	7680	7628	6955	5957	3022	6058	3327	5955	3457	6061	6037	6631	3805	6191	6117	6075	3123	476	3442	6524	2899	6640	7705	6062	6583	6617	7181	3597	7005	7816	3273	3044	6263	5617	6158	7992	7985	6029	5955	6053	1642
3615	3155	6078	5737	6006	4021	6052	5978	3303	6035	5913	6230	2594	3245	3883	6172	5921	10000	8983	6250	6213	7233	8114	6220	6284	3395	6310	6272	6297	3347	6436	6437	6089	6438	4195	3350	6657	6272	6353	7426	6282	3283	7492	6130	6300	6329	6992	6265	6111	7323	3590	7195	6245	6458	6248	6346	6417	6286	4174	6250	6282	6340	6807	3324	8031	3574	6786	3701	7341	7327	6108	4012	6960	8115	7380	3237	541	3526	6220	3211	6174	6352	6930	6277	6298	6443	3759	6383	6407	3322	3328	6324	7372	7042	6121	6309	7375	6959	7213	1689
3792	3298	6531	6226	6488	4232	6481	6417	3452	6541	6332	6684	2727	3420	4067	6622	6387	8983	10000	6011	6357	7403	8354	5958	6425	3359	6477	6455	6466	3309	6584	6580	5849	6586	4147	3358	6820	6397	6516	7660	6445	3276	7272	6284	6126	6476	7141	6385	6255	7579	3581	6976	5990	6561	6433	6500	6559	6391	4174	6382	6393	6466	7003	3298	8296	3594	6988	3697	7547	7545	6267	3985	7209	8372	7572	3215	534	3518	6373	3193	6276	6483	7084	6434	6458	6528	3753	6499	6539	3303	3312	6454	7056	7231	6266	6448	7595	7189	7406	1690
3815	3195	7191	5963	6552	4310	7031	6302	3358	6128	6942	7342	2714	3512	4094	7361	7044	6236	6011	10000	6296	5510	5621	7110	6119	3035	6149	5674	6626	3007	6676	6665	6693	6783	3960	3048	5340	5832	6518	5669	6863	2946	6037	6381	6299	6166	5683	6425	6140	5643	3387	6039	9472	6668	6598	6577	6783	6476	3894	6553	6589	6525	5485	2963	5579	3275	5399	3392	5573	5594	6124	3796	5682	5600	5605	3022	430	3281	6067	2875	6228	6630	5554	6004	6148	6810	3540	6601	6672	3222	2974	5873	6135	5613	6441	6517	5579	5389	5535	1643
3524	3075	6723	5751	6398	3872	7272	5898	3203	6016	6748	6789	2593	3235	3720	6760	6742	5781	5928	6296	10000	6281	6337	6747	6831	3348	6852	6407	7137	3295	7358	7362	6427	7168	4100	3323	6155	6298	7031	6376	7130	3243	6148	6957	6054	6836	6308	7779	6856	6370	3564	6172	6706	7421	7108	7394	7423	7050	4086	7274	7291	7099	6255	3280	6326	3553	6169	3665	6315	6327	6879	3928	6328	6354	6346	3242	520	3562	6792	3167	6760	7288	6276	6825	6855	7206	3718	7132	7327	3363	3285	6329	5842	6341	7134	7272	6337	6227	6267	1698
3802	3313	6444	6197	6424	4211	6425	6373	3459	6509	6299	6582	2772	3471	4035	6457	6321	7191	7376	5888	6281	10000	7299	5695	6284	3312	6324	6349	6338	3277	6321	6325	5593	6337	4052	3313	6817	6260	6336	7622	6279	3221	7257	6137	5902	6307	6904	6246	6102	7442	3529	6678	5759	6375	6294	6354	6316	6155	4057	6219	6207	6269	6754	3245	7284	3536	6938	3610	7090	7098	6166	3918	7002	7310	7125	3197	484	3487	6218	3158	6117	6291	6857	6327	6292	6376	3712	6277	6321	3318	3251	6269	6686	7259	6111	6237	7114	7047	8329	1713
3719	3218	6394	6131	6378	4151	6406	6314	3362	6464	6243	6578	2638	3340	3985	6495	6256	7923	8176	5900	6224	7299	10000	5903	6419	3314	6426	6445	6432	3277	6510	6502	5752	6520	4130	3307	6781	6398	6513	7598	6418	3227	7232	6230	6101	6457	7140	6349	6201	7547	3547	6922	5947	6534	6397	6519	6530	6346	4162	6339	6363	6426	6928	3245	9072	3553	6969	3667	7500	7528	6234	3951	7203	8705	7572	3168	515	3477	6368	3158	6285	6461	7031	6427	6492	6495	3712	6459	6492	3277	3260	6425	6998	7246	6209	6377	7525	7134	7383	1686
3745	3211	6829	5713	6418	4172	6930	6046	3368	6026	7472	6892	2721	3452	3999	6838	7236	6133	5888	7535	6692	5750	5903	10000	6355	3245	6328	5979	6766	3208	8171	8168	7535	6844	4065	3246	5627	5978	6626	5890	6719	3144	6234	6469	6382	6384	5867	6813	6346	5839	3563	6225	7459	6921	6749	6849	7499	6574	4033	7113	7131	6612	5789	3182	5812	3480	5643	3601	5840	5826	6277	3912	5880	5843	5864	3196	497	3429	6315	3087	6345	7605	5848	6284	6389	6796	3664	6676	7398	3385	3182	6034	6372	5804	7032	7174	5826	5654	5725	1693
3721	3272	6910	6172	7962	4134	6895	6310	3415	6512	6807	7029	2730	3394	3980	6958	6759	6147	6299	6434	6721	6295	6369	6355	10000	3350	7941	6488	6887	3313	7011	7018	6132	6979	4103	3330	6181	6349	6865	6492	6907	3260	6154	6674	6096	8986	6325	6834	6635	6418	3527	6183	6452	6985	6841	7035	6990	6833	4074	6833	6828	6871	6285	3288	6392	3592	6316	3663	6317	6332	6721	3951	6373	6386	6332	3195	478	3524	9026	3218	6549	6932	6341	7800	7539	6971	3733	6899	6977	3329	3292	6395	5830	6429	6739	6869	6303	6217	6321	1725
4098	6145	3213	3215	3334	3927	3247	3177	5416	3377	3276	3141	2809	2994	4007	3162	3214	3337	3309	3207	3311	3335	3304	3261	3350	10000	4296	4369	4117	7914	4241	4244	4278	4112	6463	6948	4391	4152	4209	4293	4236	8017	4328	4247	4197	4375	4224	4311	4341	4300	3856	4213	4183	4220	4065	4304	4228	4248	6284	4267	4264	4153	4381	8001	4342	6923	4391	6344	4336	4317	4290	5138	4238	4323	4331	3957	719	4030	4400	5769	4214	4208	4347	4402	4312	4139	4260	4188	4264	3878	8006	4181	4335	4277	4187	4310	4336	4376	4293	1994
4881	4227	9096	8125	8975	5446	9058	8342	4429	8543	8903	9267	3525	4463	5221	9242	8964	8090	8323	8474	8837	8304	8355	8293	9656	4296	10000	6427	6780	3211	6939	6936	6036	6929	4085	3244	6085	6340	6855	6414	6880	3162	6079	6624	6071	7817	6327	6776	6530	6403	3479	6175	6418	6907	6757	6948	6944	6753	4041	6778	6761	6773	6189	3189	6328	3489	6234	3587	6303	6295	6645	3894	6398	6323	6326	3126	474	3453	7712	3110	6530	6906	6268	7595	7461	6927	3644	6844	6896	3267	3207	6351	5754	6389	6679	6808	6307	6099	6253	1692
3719	3251	6430	6329	6403	4141	6500	6554	3390	7367	6359	6631	2616	3335	3958	6518	6415	6083	6274	5915	6251	6305	6339	5928	6401	3305	6427	10000	6405	3271	6544	6544	5768	6516	4079	3281	6092	6571	6473	6452	6467	3213	6074	6231	6245	6457	6334	6356	6191	6410	3497	6141	5865	6523	6368	6498	6540	6325	4097	6341	6330	6386	6173	3248	6270	3538	6233	3623	6274	6280	6211	3900	6362	6318	6278	3097	443	3412	6331	3116	6208	6489	6281	6394	6485	6473	3657	6412	6525	3227	3254	6563	5774	6352	6220	6407	6259	6128	6245	1720
3659	3024	7329	6262	6736	4158	7273	6466	3214	6416	7212	7457	2650	3460	3955	7389	7301	6088	6265	6887	6941	6276	6308	6687	6773	3105	6759	6405	10000	2940	7081	7075	6083	7133	3962	2989	5772	6226	6966	6143	6934	2883	5849	6710	5930	6516	6100	6811	6409	6140	3425	5953	6606	7017	8574	7043	7175	6778	3869	6914	6950	6912	5859	2894	6014	3224	5854	3335	5933	5964	6561	3750	6148	6062	5966	3046	446	3337	6384	2775	6562	7102	5976	6397	6502	7094	3536	6941	7087	3232	2902	6296	5508	6096	6868	6884	5965	5795	6007	1611
3887	5879	2988	2994	3108	3726	3024	2949	5135	3128	3042	2921	2632	2819	3793	2952	2990	3101	3072	2995	3070	3109	3079	3039	3122	5719	3067	3134	2940	10000	4213	4213	4239	4095	6525	7072	4345	4137	4185	4273	4209	8043	4316	4241	4153	4319	4182	4281	4323	4271	3852	4180	4155	4193	4038	4246	4190	4235	6312	4240	4238	4149	4364	8169	4308	7022	4374	6392	4317	4308	4279	5214	4221	4295	4315	3964	722	4030	4383	5784	4188	4193	4348	4375	4302	4103	4236	4169	4232	3887	8161	4145	4300	4260	4164	4274	4308	4334	4282	2002
4892	4180	9842	8378	9193	5515	9998	8650	4410	8818	9251	9981	3479	4483	5262	9926	9528	8304	8513	9257	9549	8351	8519	9279	9200	4267	9230	8732	9861	4213	10000	9938	6822	7405	4064	3168	6053	6427	7178	6416	7245	3073	6149	6886	6156	6897	6359	7318	6860	6372	3495	6230	6852	7496	7323	7451	8223	7029	4055	7702	7737	7135	6233	3102	6306	3408	6197	3520	6284	6273	6753	3850	6382	6322	6305	3090	479	3414	6784	2973	6821	8302	6276	6837	6885	7340	3623	7215	8071	3230	3103	6485	5875	6395	7628	7733	6302	6103	6243	1653
3634	3108	7309	6218	6821	4102	7423	6416	3273	6546	8032	7439	2586	3324	3904	7362	7801	6166	6317	6863	7093	6205	6317	7998	6838	3171	6851	6483	7315	3128	9938	10000	6825	7399	4061	3164	6057	6423	7179	6419	7249	3069	6149	6890	6156	6905	6355	7310	6860	6374	3491	6230	6844	7489	7324	7455	8219	7035	4059	7705	7744	7139	6237	3105	6306	3407	6195	3524	6282	6271	6754	3854	6384	6316	6305	3090	478	3415	6780	2972	6826	8295	6281	6841	6888	7339	3624	7214	8068	3230	3107	6477	5867	6391	7625	7735	6304	6098	6250	1653
3624	3156	6306	5410	5948	3973	6399	5723	3280	5671	6696	6364	2687	3392	3840	6323	6510	5834	5616	6892	6193	5487	5588	7380	5976	3196	5963	5715	6290	3148	6823	6825	10000	6608	4058	3314	5569	5899	6442	5778	6465	3239	6167	6366	6284	6205	5788	6521	6238	5750	3607	6122	7155	6640	6496	6614	6977	6391	4075	6709	6719	6418	5719	3267	5746	3544	5570	3661	5770	5773	6169	3943	5767	5792	5785	3288	514	3521	6171	3179	6223	7072	5741	6175	6254	6561	3724	6443	6949	3459	3262	5907	6307	5712	6629	6763	5804	5644	5674	1719
3730	3124	8831	6552	7011	4296	7535	6807	3305	6700	7376	8241	2654	3449	4060	8315	7513	6397	6559	7245	7164	6448	6571	6952	7053	3187	7099	6697	7650	3154	7681	7674	6608	10000	3960	2976	5819	6332	7411	6241	7122	2878	5953	6945	6051	6617	6209	6844	6703	6230	3402	6119	6756	7157	7131	7044	7226	7174	3877	6954	6952	7338	5947	2903	6096	3209	5933	3336	6105	6110	6789	3743	6237	6154	6130	2966	445	3274	6484	2766	6920	7126	6065	6484	6622	7727	3509	7344	7148	3137	2905	6352	5718	6198	6855	6866	6123	5859	6050	1591
4324	4608	3925	4027	3869	4614	3942	4031	5071	3961	3818	4011	2540	3050	4423	3997	3906	3891	3855	3948	3825	3848	3884	3854	3870	4675	3906	3912	3966	4690	3934	3931	3788	3960	10000	5552	4328	4645	4509	4507	4462	5254	4507	4390	4643	4473	4562	4409	4299	4520	3664	4598	4530	4521	4504	4500	4505	4421	6288	4398	4405	4489	4334	5282	4423	5980	4398	5471	4410	4445	4326	4928	4584	4453	4428	3334	629	3558	4394	4287	4454	4450	4424	4398	4473	4532	3908	4485	4470	3456	5270	4633	4446	4522	4395	4405	4424	4290	4423	1679
4416	5830	3475	3469	3588	4222	3483	3427	6214	3610	3524	3382	3043	3256	4294	3398	3452	3549	3566	3471	3541	3595	3553	3516	3589	5741	3543	3595	3418	5807	3503	3499	3533	3400	5552	10000	4421	4193	4259	4331	4255	7039	4331	4289	4221	4368	4263	4343	4353	4333	3958	4226	4228	4255	4137	4350	4249	4269	6515	4304	4301	4192	4390	7143	4369	7409	4413	6455	4385	4359	4339	5224	4273	4374	4365	3981	833	4070	4407	5599	4253	4272	4349	4428	4372	4166	4265	4225	4291	3908	7138	4217	4349	4329	4227	4316	4374	4402	4350	1933
4896	4343	8114	7784	8155	5359	8094	7901	4524	8146	8026	8194	3692	4492	5180	8167	8065	8620	8850	7432	8016	9040	8905	7448	8141	4435	8124	8158	8067	4361	8182	8186	7258	8124	5290	4421	10000	6194	6339	7104	6334	3367	6678	6259	5842	6326	6783	6287	6192	7090	3588	6554	5788	6402	6255	6358	6393	6294	4109	6293	6321	6306	6727	3399	6921	3676	6889	3718	6823	6839	6222	4005	6822	6966	6849	3300	523	3609	6293	3332	6191	6326	6780	6352	6374	6365	3785	6315	6346	3430	3387	6214	6335	7232	6224	6299	6833	6845	7020	1745
3869	3207	6728	6766	6501	4494	6765	8381	3385	6927	6482	7086	2574	3440	4234	6943	6627	6333	6473	6328	6396	6472	6551	6170	6520	3269	6600	6862	6785	3238	6774	6768	5994	6894	4426	3270	6194	10000	6054	6037	5964	2827	5633	5734	6787	5856	5975	5827	5551	6020	3284	5878	5632	6136	6065	5994	6048	5829	3911	5839	5856	5973	5627	2843	5837	3183	5699	3304	5767	5821	5649	3716	6041	5869	5805	2813	384	3116	5734	2715	5791	5979	5763	5814	5986	6164	3425	5993	5969	2975	2849	8206	5437	6021	5760	5783	5791	5525	5805	1583
3411	2916	7128	5830	6302	3853	6613	6009	3055	6065	6495	7200	2459	3160	3659	7186	6593	5720	5879	6308	6366	5842	5947	6098	6286	2955	6363	6027	6769	2921	6745	6746	5837	7194	3832	2961	5652	6054	10000	6216	6993	2974	5912	6933	5945	6593	6138	6784	6587	6251	3402	5989	6542	7004	7011	7004	7048	7036	3903	6814	6832	7113	5943	3010	6120	3328	5952	3390	6074	6082	6786	3761	6174	6143	6088	3029	414	3343	6485	2904	6790	6933	6035	6532	6568	7495	3535	7144	6951	3197	3013	6294	5575	6170	6722	6801	6067	5925	6078	1657
3560	3065	6201	6019	6144	4040	6243	6193	3213	6281	6020	6464	2488	3199	3861	6303	6107	6930	7165	5686	5985	7284	7191	5619	6162	3125	6172	6228	6187	3091	6250	6253	5427	6280	3970	3122	6567	6258	6216	10000	6323	3085	7110	6125	5963	6322	7061	6225	6027	7627	3454	6833	5766	6424	6290	6350	6371	6149	4069	6182	6195	6301	6744	3118	7323	3419	6905	3538	7219	7235	6046	3862	7134	7391	7267	3050	453	3355	6217	3025	6139	6333	6911	6267	6339	6429	3646	6315	6340	3172	3126	6406	6779	7335	6096	6197	7224	6963	7407	1660
3591	3086	7217	6177	6704	4068	7063	6322	3224	6334	7024	7331	2611	3322	3869	7325	7105	5984	6153	7027	6831	6125	6200	6543	6692	3147	6757	6371	7129	3108	7204	7207	6197	7315	4012	3130	5976	6310	7137	6323	10000	3022	5922	6864	5985	6657	6195	6890	6697	6258	3415	6068	6959	7122	7070	7120	7219	6983	3909	7063	7045	7125	5942	3050	6117	3331	6006	3431	6105	6100	6732	3801	6257	6146	6109	3033	443	3372	6610	2957	6715	7081	6054	6557	6682	7262	3563	7067	7149	3208	3046	6300	5592	6202	6940	6930	6101	5954	6077	1651
3894	5925	2999	3005	3124	3697	3028	2945	5185	3134	3066	2910	2704	2855	3814	2941	2998	3104	3105	2994	3084	3119	3094	3039	3135	5912	3083	3142	2943	5895	3033	3029	3082	2935	4689	5140	3153	2969	3013	3062	3022	10000	4295	4224	4139	4333	4177	4280	4338	4260	3875	4157	4134	4165	4029	4245	4161	4210	6298	4251	4230	4110	4354	8189	4313	7090	4382	6428	4321	4300	4265	5211	4210	4287	4328	3993	739	4047	4370	5897	4175	4178	4332	4366	4286	4086	4267	4140	4216	3906	8179	4101	4304	4236	4157	4270	4319	4353	4257	2007
5028	4348	8299	7889	8158	5643	8313	8195	4535	8285	8121	8583	3601	4586	5394	8466	8217	9810	9542	8496	8097	9731	9604	8344	8196	4420	8208	8226	8267	4381	8405	8403	8126	8405	5570	4379	8661	8193	8295	9774	8201	4295	10000	5837	6267	6017	6607	5919	5844	6985	3469	6948	6182	6096	5978	6039	6140	5927	4046	5936	5949	6036	6432	3151	6944	3438	6477	3550	6793	6783	5785	3867	6622	6954	6837	3118	421	3397	5918	3065	5873	6081	6556	5943	6015	6125	3613	6042	6084	3284	3164	5968	7114	6750	5847	6004	6827	6630	7121	1716
3604	3104	7094	5915	6493	3995	6821	6050	3249	6141	6806	7113	2692	3393	3843	7167	6841	5844	6004	6538	6671	5991	6023	6304	6472	3158	6511	6144	6904	3133	6853	6856	6108	7139	3951	3158	5910	6072	7082	6130	6921	3075	5837	10000	5858	6571	6088	6828	6756	6183	3508	5926	6630	6967	7015	6956	7060	7043	3949	6890	6917	7084	5965	3146	6121	3437	6023	3518	6081	6130	6900	3852	6123	6123	6129	3216	478	3515	6554	3039	6743	7006	6010	6593	6554	7226	3650	7101	7007	3348	3152	6177	5580	6203	6824	6858	6109	6002	6107	1683
3711	3082	6183	6124	5977	4288	6227	7471	3272	6291	5952	6498	2473	3255	4064	6395	6056	6094	5939	6549	5890	5846	5985	6310	5997	3166	6054	6247	6190	3113	6216	6215	6117	6310	4239	3153	5597	7292	6162	6055	6122	3057	6358	5858	10000	5664	5794	5607	5391	5648	3289	6074	6133	5909	5771	5713	5818	5644	3926	5622	5613	5762	5470	2883	5543	3192	5413	3333	5536	5572	5383	3748	5753	5615	5556	2797	386	3108	5563	2802	5621	5790	5570	5559	5724	5961	3450	5817	5796	3002	2896	6806	5885	5645	5528	5631	5558	5308	5517	1599
3464	3028	6438	5761	7347	3868	6412	5923	3159	6067	6303	6610	2488	3137	3701	6541	6280	5746	5892	6016	6242	5864	5945	5925	8298	3098	7317	6063	6385	3039	6537	6543	5670	6477	3833	3062	5688	5906	6413	6025	6392	3004	5730	6168	5664	10000	6349	6799	6577	6398	3503	6230	6435	6972	6771	6995	6973	6756	4078	6774	6779	6834	6253	3254	6366	3541	6279	3642	6304	6313	6659	3938	6406	6348	6318	3140	468	3459	8608	3151	6537	6901	6304	7728	7500	6965	3684	6869	6956	3274	3250	6396	5826	6405	6714	6795	6315	6154	6285	1707
3695	3139	6416	6265	6313	4237	6451	6453	3296	6410	6201	6701	2532	3264	4038	6630	6282	6815	6977	5954	6185	6892	7059	5846	6271	3211	6359	6386	6418	3159	6471	6467	5679	6527	4198	3210	6549	6470	6412	7226	6387	3110	6756	6136	6221	6349	10000	6145	5895	6936	3413	8419	5798	6347	6199	6251	6283	6135	4047	6120	6139	6245	6530	3051	6831	3348	6588	3497	6743	6790	5929	3846	8784	6876	6803	2963	481	3306	6044	2949	6097	6243	6674	6082	6232	6403	3583	6262	6274	3101	3052	6311	6289	6819	6023	6105	6774	6491	6768	1609
3623	3127	7014	5965	6603	3997	7732	6111	3279	6244	7081	7096	2632	3298	3858	7055	7092	5945	6073	6554	7426	6070	6111	6610	6597	3191	6630	6239	6977	3149	7250	7241	6228	7003	3949	3183	5909	6143	6899	6202	6915	3102	5892	6700	5862	6619	6145	10000	6853	6363	3539	6197	6781	7540	7211	7534	7557	7066	4077	7333	7304	7086	6233	3236	6291	3517	6164	3633	6285	6291	6837	3918	6366	6324	6299	3193	502	3519	6810	3123	6773	7439	6299	6854	6841	7310	3704	7168	7518	3312	3244	6373	5824	6342	7250	7312	6281	6171	6292	1688
3700	3272	7111	5885	6635	4025	6876	6085	3405	6335	6867	7134	2783	3428	3896	7115	6903	6001	6156	6481	6772	6136	6176	6371	6627	3325	6611	6288	6793	3290	7033	7031	6165	7098	3985	3301	6022	6055	6931	6214	6955	3254	6019	6859	5831	6626	6099	6853	10000	6368	3594	6154	6706	7160	6973	7187	7266	7176	4117	7124	7142	7207	6331	3394	6360	3656	6339	3739	6385	6371	7061	3993	6317	6399	6389	3327	530	3649	6798	3301	6863	7143	6315	6877	6854	7343	3783	7258	7268	3447	3395	6289	5935	6367	7019	7182	6395	6333	6331	1743
3872	3347	6759	6495	6673	4362	6715	6721	3493	6790	6553	6970	2723	3490	4180	6844	6632	7431	7708	6155	6502	7734	7768	6057	6625	3404	6700	6728	6725	3359	6750	6751	5872	6817	4329	3396	7126	6786	6797	8126	6716	3302	7436	6487	6313	6661	7417	6575	6368	10000	3438	6708	5733	6329	6261	6310	6344	6147	4040	6163	6176	6253	6674	3116	7212	3431	6862	3523	7073	7071	5998	3832	7014	7307	7094	3051	440	3355	6128	3006	6101	6294	6845	6245	6256	6388	3613	6268	6272	3184	3121	6304	6588	7266	6074	6141	7085	6937	7225	1672
3147	2822	3453	3444	3398	3289	3460	3489	2943	3421	3429	3465	2691	3148	3243	3467	3468	3404	3404	3453	3399	3427	3411	3454	3402	2852	3402	3429	3506	2831	3459	3455	3443	3478	3279	2899	3370	3459	3457	3439	3425	2806	3451	3440	3435	3408	3410	3417	3358	3438	10000	4345	4377	4353	4419	4351	4348	4287	4137	4302	4312	4354	4245	3566	4305	3777	4254	3890	4273	4273	4298	4097	4312	4293	4277	3770	968	3876	4261	3415	4359	4368	4264	4303	4286	4341	4063	4320	4348	3907	3558	4360	4315	4339	4354	4318	4265	4267	4319	1651
4571	3836	7726	7510	7576	5261	7742	7775	4040	7693	7483	8078	3099	4009	4984	7983	7581	8591	8349	7751	7414	8166	8382	7599	7510	3924	7603	7584	7673	3868	7766	7765	7357	7879	5183	3898	7751	7797	7663	8566	7663	3791	8702	7316	7990	7632	9440	7536	7241	8447	4345	10000	6052	6157	5971	5980	6077	5904	3995	5860	5875	6033	6241	2988	6491	3296	6250	3422	6450	6497	5642	3816	8493	6557	6510	2912	440	3227	5794	2903	5876	6047	6404	5815	5984	6196	3550	6013	6009	3063	2987	6067	6561	6496	5774	5889	6471	6139	6412	1611
3554	2973	6704	5565	6110	4027	6566	5870	3133	5711	6465	6851	2538	3269	3831	6866	6579	5820	5595	9489	6287	5497	5622	7107	6116	3041	6168	5653	6646	3002	6667	6658	6711	6790	3985	3044	5343	5831	6534	5642	6859	2943	6044	6389	6296	6152	5694	6436	6159	5635	3416	6052	10000	6645	6577	6566	6743	6461	3891	6527	6554	6524	5458	2953	5551	3272	5385	3389	5544	5570	6116	3788	5682	5588	5560	3016	427	3283	6049	2866	6217	6606	5530	5988	6160	6790	3522	6589	6668	3223	2958	5852	6121	5574	6430	6513	5552	5364	5481	1638
3526	2988	7108	6106	6599	4007	7285	6302	3146	6357	7014	7249	2463	3193	3832	7191	7092	5997	6106	6656	6932	6062	6153	6569	6598	3057	6613	6264	7033	3018	7266	7258	6205	7166	3963	3051	5888	6329	6969	6262	6994	2953	5938	6689	6044	6642	6210	7130	6552	6198	3385	6134	6645	10000	7174	7435	7481	6975	4014	7201	7234	7106	6136	3046	6209	3343	6103	3487	6217	6235	6688	3845	6404	6296	6247	3032	476	3340	6633	2922	6692	7362	6218	6703	6768	7337	3602	7107	7384	3168	3054	6484	5799	6304	7061	7185	6208	6016	6174	1629
3556	2936	7168	6121	6524	4056	7103	6338	3130	6244	7058	7302	2602	3395	3845	7191	7163	5920	6109	6721	6775	6108	6148	6538	6594	3005	6602	6241	8770	2966	7244	7244	6195	7287	4029	3028	5871	6384	7119	6258	7085	2916	5943	6873	6024	6582	6190	6959	6511	6257	3507	6071	6712	7174	10000	7000	7103	6713	3828	6875	6898	6842	5780	2850	5950	3162	5828	3294	5901	5938	6522	3713	6068	5983	5897	3019	435	3314	6330	2712	6480	7068	5881	6308	6441	7036	3508	6850	7031	3208	2851	6233	5423	6072	6811	6788	5906	5753	5950	1603
3500	3021	6939	6000	6562	3937	7192	6133	3156	6206	6939	7052	2515	3228	3764	7051	7030	5843	5998	6510	6849	5992	6088	6447	6589	3091	6597	6189	7000	3030	7163	7166	6130	6994	3911	3094	5799	6131	6911	6139	6935	2986	5833	6623	5795	6608	6065	7065	6521	6128	3356	5908	6511	7225	7000	10000	7453	6921	3970	7161	7198	6990	6041	3088	6195	3392	6131	3482	6178	6172	6675	3805	6279	6232	6196	3088	426	3389	6679	2969	6680	7288	6132	6710	6773	7173	3583	7004	7413	3228	3097	6322	5649	6270	7067	7164	6176	6018	6173	1681
3589	3043	7237	6136	6725	4037	7346	6346	3212	6386	7771	7392	2537	3271	3838	7371	7921	6061	6209	6886	7052	6109	6255	7240	6715	3115	6763	6389	7315	3067	8107	8102	6632	7359	4016	3099	5980	6345	7133	6317	7211	3001	6083	6894	6052	6756	6253	7269	6763	6318	3439	6158	6859	7456	7285	7453	10000	7054	4004	7969	7988	7139	6166	3052	6237	3348	6104	3485	6212	6242	6741	3812	6341	6300	6237	3045	467	3372	6700	2926	6792	8036	6248	6735	6798	7378	3593	7201	8392	3191	3061	6415	5799	6331	7764	7900	6242	6070	6187	1641
3596	3085	7288	6066	6593	4011	6940	6147	3228	6226	6858	7385	2631	3309	3830	7431	6909	5977	6091	6619	6743	5993	6120	6390	6609	3151	6621	6221	6957	3121	6977	6982	6116	7356	3968	3135	5928	6157	7169	6138	7023	3057	5912	6924	5912	6591	6148	6842	6724	6164	3414	6024	6617	6999	6933	6968	7054	10000	3999	7057	7099	7956	6149	3157	6244	3466	6100	3555	6228	6232	6995	3898	6338	6288	6240	3141	502	3509	6721	3073	6955	7101	6233	6735	6794	7622	3658	7902	7149	3296	3158	6362	5780	6279	6995	7016	6233	6136	6176	1666
4540	4755	4038	4174	4051	4775	4111	4208	5082	4190	4022	4163	2545	3137	4660	4118	4027	4070	4079	4081	4008	4051	4116	4020	4041	4779	4063	4132	4073	4771	4128	4131	3999	4076	5788	4907	3969	4237	4079	4166	4031	4691	4138	3981	4217	4080	4158	4048	3956	4154	3378	4180	4086	4131	4054	4099	4106	3999	10000	4446	4442	4462	4431	5257	4539	5901	4488	5789	4503	4541	4344	4939	4628	4538	4530	3356	574	3520	4433	4364	4445	4528	4503	4487	4523	4525	3951	4511	4543	3363	5273	4686	4540	4557	4377	4473	4506	4383	4495	1767
4076	3520	8001	6794	7490	4521	8068	6977	3680	7061	8477	8079	3026	3807	4332	8119	8704	6737	6894	7593	7887	6865	6930	7838	7492	3587	7533	7069	8045	3542	8667	8669	7279	8083	4475	3583	6718	6991	7871	6996	8052	3500	6712	7679	6675	7491	6951	8050	7567	7006	3883	6778	7577	8191	8047	8173	9034	7801	4446	10000	9172	7046	6121	3166	6216	3437	6079	3550	6218	6213	6807	3852	6292	6249	6218	3176	490	3517	6684	3055	6742	7773	6156	6669	6756	7266	3655	7101	7920	3340	3150	6315	5702	6247	7674	7750	6226	6071	6151	1679
3676	3157	7191	6097	6713	4070	7264	6289	3313	6360	7663	7289	2702	3416	3899	7301	7770	6086	6207	6862	7105	6159	6252	7062	6728	3222	6753	6342	7268	3182	7825	7831	6551	7262	4028	3218	6065	6302	7092	6301	7219	3130	6046	6929	5990	6737	6267	7206	6818	6310	3498	6107	6838	7395	7257	7384	8139	7053	3992	9172	10000	7073	6149	3157	6234	3428	6114	3544	6226	6257	6794	3867	6305	6284	6236	3174	489	3514	6682	3060	6730	7762	6189	6704	6756	7290	3661	7109	8006	3333	3149	6323	5737	6271	7686	7749	6221	6092	6183	1677
3650	3078	7550	6274	6745	4131	7169	6444	3261	6424	7026	7720	2648	3379	3921	7734	7087	6144	6281	6797	6920	6222	6316	6551	6773	3139	6768	6400	7230	3117	7219	7221	6260	7668	4107	3137	6053	6430	7386	6411	7303	3042	6136	7098	6151	6794	6378	6994	6883	6390	3533	6273	6809	7267	7200	7173	7276	7907	4012	7048	7073	10000	6023	3017	6148	3314	5987	3423	6132	6156	6795	3814	6275	6184	6151	3059	481	3394	6530	2901	6881	7011	6132	6562	6691	7554	3590	7793	7076	3220	3001	6330	5727	6217	6829	6865	6126	5981	6106	1620
3588	3183	6055	5726	6037	3950	6105	5915	3316	6112	6008	6196	2608	3226	3828	6134	5945	6460	6662	5596	5972	6565	6669	5617	6068	3243	6057	6059	6003	3210	6176	6179	5463	6086	3883	3218	6324	5933	6044	6720	5965	3156	6404	5853	5719	6088	6531	6025	5921	6680	3374	6355	5579	6146	5958	6071	6154	5985	3901	5997	6022	6023	10000	3427	7146	3685	7031	3781	7069	7070	6260	4055	7065	7201	7112	3294	551	3594	6462	3329	6308	6528	8072	6517	6507	6558	3808	6556	6596	3369	3442	6399	6596	7124	6329	6475	7093	7064	7088	1724
4252	7027	3265	3267	3412	4045	3295	3211	5703	3435	3322	3187	2916	3121	4135	3203	3246	3395	3376	3253	3371	3395	3362	3323	3417	6375	3359	3431	3191	6468	3308	3311	3359	3197	5093	5635	3439	3226	3295	3344	3295	6389	3376	3323	3244	3410	3284	3366	3416	3357	3051	3275	3249	3284	3162	3340	3278	3308	4982	3339	3328	3248	3427	10000	4293	7115	4357	6440	4303	4265	4258	5192	4196	4282	4300	3995	709	4069	4366	5824	4169	4171	4312	4371	4280	4077	4250	4133	4220	3913	8728	4118	4281	4244	4137	4255	4293	4362	4281	2029
4918	4300	8490	8097	8408	5485	8469	8350	4480	8555	8278	8679	3518	4454	5279	8578	8251	9613	9285	7769	8243	9663	8391	7697	8422	4387	8452	8400	8409	4326	8528	8527	7491	8516	5408	4371	8880	8400	8495	9959	8381	4267	9436	8198	7909	8460	9325	8299	8118	9853	4670	9022	7744	8488	8370	8497	8497	8295	5454	8311	8332	8392	9062	4293	10000	3574	6989	3681	7486	7516	6211	3960	7164	8634	7555	3179	500	3488	6351	3189	6230	6427	6963	6410	6484	6474	3708	6431	6432	3282	3278	6397	6930	7227	6196	6360	7550	7102	7370	1701
4847	5375	3473	3468	3583	4627	3494	3436	5784	3602	3500	3411	2882	3220	4667	3435	3449	3524	3551	3471	3524	3571	3553	3508	3602	5324	3548	3608	3431	5367	3508	3507	3517	3412	5566	5642	3591	3487	3517	3540	3474	5340	3556	3505	3467	3582	3479	3532	3552	3568	3119	3487	3475	3479	3386	3541	3472	3505	5399	3498	3488	3444	3557	5416	3574	10000	4302	6454	4254	4244	4243	5511	4181	4257	4240	3795	553	3925	4311	5299	4158	4159	4255	4328	4282	4092	4173	4149	4194	3796	6435	4161	4226	4241	4128	4204	4267	4284	4241	2020
4492	3989	7501	7272	7595	4937	7479	7456	4126	7668	7388	7717	3233	4059	4782	7575	7384	8003	8260	6844	7318	8379	8335	6803	7576	4039	7580	7602	7452	3998	7629	7626	6611	7545	4895	4019	8048	7466	7522	8549	7491	3947	8012	7343	7031	7597	8186	7402	7366	8534	4201	7909	6839	7595	7464	7656	7570	7377	4910	7400	7440	7439	8118	3967	8359	4302	10000	3678	6825	6816	6125	3949	6949	6994	6855	3196	461	3477	6304	3228	6069	6299	6879	6358	6337	6349	3699	6264	6346	3297	3328	6286	6354	7105	6099	6232	6863	6802	6971	1744
4432	4861	3575	3607	3670	4415	3623	3609	5110	3704	3607	3569	2794	3202	4489	3564	3583	3648	3652	3594	3634	3645	3666	3629	3673	4878	3646	3694	3549	4884	3622	3626	3632	3546	5090	4914	3630	3618	3581	3662	3577	4839	3671	3586	3619	3683	3632	3647	3632	3663	3211	3619	3597	3627	3526	3635	3613	3594	5295	3612	3605	3555	3649	4901	3680	5395	3678	10000	4349	4359	4297	5248	4329	4377	4360	3746	645	3858	4382	5077	4276	4276	4369	4408	4366	4238	4083	4256	4324	3724	5817	4309	4376	4322	4226	4332	4367	4350	4345	1935
4454	3898	7662	7292	7611	4947	7674	7508	4066	7647	7500	7862	3207	4012	4776	7756	7483	8619	8881	7033	7458	8524	8931	7010	7544	3971	7631	7619	7519	3928	7702	7698	6818	7728	4888	3976	7934	7521	7642	8898	7581	3874	8366	7381	7159	7592	8342	7514	7387	8757	4201	8125	7010	7703	7523	7680	7670	7498	4904	7535	7543	7585	8124	3900	8913	4235	8129	4349	10000	9192	6198	3997	7110	7599	9260	3191	526	3516	6370	3218	6282	6472	6983	6383	6498	6535	3735	6499	6535	3293	3310	6392	6918	7162	6249	6366	9233	7064	7265	1697
3805	3289	6510	6253	6436	4240	6522	6438	3448	6509	6331	6706	2711	3395	4085	6638	6329	7307	7540	5996	6347	7249	7613	5939	6423	3358	6472	6477	6419	3330	6530	6527	5794	6570	4183	3357	6755	6448	6499	7574	6434	3274	7095	6320	6120	6458	7135	6388	6260	7436	3568	6951	5982	6561	6430	6516	6546	6373	4201	6395	6438	6468	6902	3283	7600	3589	6895	3702	9192	10000	6164	3966	7113	7547	9141	3133	515	3490	6309	3169	6250	6403	6929	6347	6429	6492	3713	6429	6488	3253	3256	6392	6857	7129	6190	6286	9110	7003	7214	1679
3728	3260	7236	6056	6762	4083	6875	6227	3386	6288	6868	7242	2839	3547	3948	7221	6883	6030	6201	6498	6831	6234	6242	6335	6749	3304	6764	6342	6991	3274	6959	6960	6129	7227	4031	3308	6084	6195	7179	6266	7028	3216	5991	7043	5853	6744	6167	6873	6869	6245	3553	5976	6502	6968	6992	6978	6998	7082	3978	6936	6920	7068	6050	3245	6218	3552	6134	3613	6136	6164	10000	3884	6170	6174	6088	3276	471	3571	6656	3116	6673	6860	6062	6652	6666	7171	3678	7031	6910	3423	3209	6143	5571	6236	6764	6841	6110	6010	6125	1730
5376	3905	3935	3997	3911	5568	3949	4010	4132	3938	3880	3958	3011	3286	5933	3959	3908	3919	3901	3985	3859	3920	3914	3906	3925	3914	3922	3940	3954	3948	3926	3929	3877	3943	4544	3941	3875	4033	3937	3960	3927	3888	3963	3890	4033	3946	3958	3898	3843	3948	3352	3999	3985	3964	3938	3935	3916	3905	4476	3883	3898	3926	3877	3915	3922	4564	3913	4366	3915	3924	3884	10000	4499	4417	4446	3585	694	3734	4405	3966	4430	4428	4407	4421	4465	4464	4516	4437	4420	3868	4416	4556	4424	4511	4371	4393	4425	4329	4431	1749
4207	3576	7311	7160	7236	4829	7302	7371	3743	7352	7095	7650	2862	3698	4593	7500	7181	7678	7971	6738	7023	7910	8059	6631	7152	3646	7277	7259	7321	3610	7349	7352	6403	7419	4774	3640	7455	7403	7298	8262	7301	3547	7663	6984	6991	7250	9793	7152	6867	8160	3984	9948	6751	7456	7269	7335	7356	7170	4737	7164	7177	7294	7629	3574	8015	3911	7776	4068	7866	7949	6969	4499	10000	6860	6774	2942	451	3247	6019	2939	6018	6209	6681	6081	6209	6351	3557	6199	6249	3071	3040	6313	6219	6851	5953	6073	6728	6441	6720	1621
3565	3101	6170	5895	6112	3980	6196	6064	3239	6237	6035	6356	2534	3205	3828	6246	6034	7613	7871	5648	5996	7024	8283	5604	6094	3163	6116	6130	6139	3123	6191	6185	5469	6226	3943	3169	6473	6116	6175	7280	6098	3071	6844	5939	5803	6110	6797	6041	5915	7229	3373	6600	5646	6233	6096	6191	6216	6050	3950	6051	6083	6113	6613	3101	8214	3387	6656	3498	7149	7172	5929	3757	6860	10000	7545	3155	506	3476	6345	3165	6255	6473	7046	6409	6448	6522	3703	6436	6466	3260	3261	6433	7016	7234	6236	6398	7568	7118	7359	1693
3748	3270	6434	6176	6392	4169	6448	6350	3422	6440	6288	6588	2675	3347	4011	6541	6289	7265	7472	5931	6284	7183	7560	5902	6340	3326	6422	6393	6340	3292	6480	6479	5731	6507	4115	3318	6678	6348	6423	7511	6360	3255	7061	6238	6025	6381	7057	6316	6198	7365	3526	6876	5894	6490	6305	6459	6457	6300	4138	6319	6335	6380	6854	3268	7542	3540	6846	3656	9142	9115	6136	3968	7108	7545	10000	3170	516	3503	6346	3193	6285	6452	6997	6398	6491	6519	3732	6487	6522	3277	3290	6406	6929	7156	6231	6336	9189	7052	7229	1689
3200	3066	3222	3122	3214	3106	3195	3104	3119	3161	3270	3104	3157	3496	3147	3118	3257	3211	3196	3222	3235	3247	3187	3241	3224	3062	3198	3177	3261	3048	3199	3199	3282	3173	3122	3050	3242	3099	3219	3176	3182	3025	3244	3298	3056	3195	3097	3225	3252	3192	3132	3100	3222	3174	3252	3243	3177	3195	3088	3252	3249	3197	3199	3059	3198	3192	3216	3165	3174	3148	3326	3223	3111	3178	3170	10000	588	4033	3849	3575	3817	3863	3764	3866	3798	3748	3855	3800	3803	4162	3636	3696	3768	3824	3921	3867	3784	3878	3845	1940
701	634	581	531	577	651	599	549	696	526	606	556	765	506	720	570	588	636	630	544	616	583	614	598	572	660	576	539	567	659	589	587	609	565	699	757	609	501	522	560	552	664	520	581	501	565	596	601	615	546	954	555	542	591	556	531	578	605	627	596	594	596	634	644	597	552	550	647	620	614	568	740	566	604	612	588	10000	1485	1496	1402	1577	1547	1618	1424	1439	1491	2007	1557	1510	1374	1659	1295	1590	1383	1588	1600	1627	1644	1542	167
9759	9684	9084	9291	9081	9686	9090	9321	9863	9298	9030	9334	9615	9184	9723	9251	8975	9211	9213	9210	9065	9097	9211	9266	9062	9677	9123	9203	9018	9616	9113	9111	9166	9200	9672	9676	9088	9383	9068	9223	9108	9515	9115	8938	9489	9153	9323	9064	9034	9182	9993	9381	9187	9214	9026	9051	9161	9027	9948	8947	8959	9085	9231	9670	9182	9759	9209	9885	9211	9189	8884	9598	9385	9200	9198	9479	1485	10000	4006	3510	4002	4007	3940	3996	3975	3935	3791	3981	3967	3946	3512	3878	3836	3988	4065	4017	3948	4007	3990	1918
4247	3770	7808	6952	8956	4669	7797	7104	3919	7330	7711	7917	3136	3892	4505	7836	7661	6946	7133	7283	7630	7111	7212	7210	9754	3832	8880	7313	7695	3794	7909	7904	6936	7809	4631	3801	6961	7112	7760	7289	7807	3727	6933	7567	6843	9861	7112	7745	7481	7217	3985	6943	7274	7817	7676	7897	7868	7697	4592	7705	7700	7683	7065	3764	7193	4082	7142	4168	7133	7137	7610	4459	7164	7198	7144	3652	543	4006	10000	3260	6575	6961	6340	7813	7527	6956	3767	6877	7022	3358	3348	6370	5856	6409	6762	6879	6340	6235	6314	1742
3678	4447	3043	3036	3223	3508	3072	2970	4347	3195	3119	2948	2854	2973	3599	2978	3030	3191	3180	3072	3166	3214	3183	3136	3253	4471	3187	3203	2977	4455	3084	3083	3180	2964	4022	4297	3279	2997	3092	3156	3108	4476	3196	3123	3068	3213	3089	3161	3233	3151	2842	3096	3067	3064	2927	3124	3058	3132	4024	3134	3138	3038	3239	4468	3214	4466	3254	4298	3207	3190	3170	3572	3113	3195	3199	3019	452	3124	3260	10000	4028	4006	4218	4310	4217	3930	4207	4007	4052	3861	5829	3952	4186	4106	4020	4142	4194	4282	4175	2119
4943	4215	9723	8205	8697	5543	9182	8441	4411	8399	8981	9775	3595	4584	5297	9942	9108	8055	8206	8733	8871	8172	8316	8461	8690	4287	8784	8376	9240	4235	9290	9295	8171	9734	5484	4285	7999	8392	9492	8408	9265	4159	8037	9094	8077	8748	8382	8998	8823	8393	4763	8225	8735	9212	9180	9227	9318	9305	5379	9078	9059	9458	8056	4198	8242	4600	8031	4751	8219	8259	8912	5238	8368	8288	8266	4231	668	4674	8631	4028	10000	6774	6033	6350	6509	7227	3612	6950	6789	3277	3092	6170	5626	6148	6610	6651	6030	5920	6036	1644
3651	3099	7277	6182	6761	4077	7361	6373	3263	6444	8442	7407	2638	3381	3891	7310	7773	6094	6234	6837	7034	6181	6286	7459	6765	3149	6832	6439	7355	3118	8315	8307	6828	7372	4030	3165	6012	6373	7128	6379	7186	3062	6120	6949	6119	6793	6311	7268	6754	6368	3510	6225	6825	7453	7364	7404	8108	6987	4030	7698	7684	7087	6131	3089	6253	3383	6131	3495	6227	6223	6738	3851	6350	6309	6241	3150	482	3443	6721	2947	6774	10000	6212	6744	6800	7306	3627	7104	7967	3279	3084	6391	5814	6305	7563	7655	6214	6056	6185	1652
3634	3188	6204	5944	6163	4047	6227	6106	3303	6276	6080	6372	2580	3244	3881	6297	6090	6621	6783	5704	6032	6709	6812	5711	6162	3240	6174	6206	6163	3220	6259	6264	5520	6248	3990	3209	6416	6116	6178	6931	6117	3161	6570	5936	5862	6179	6719	6128	5946	6897	3412	6565	5690	6269	6101	6203	6277	6106	3992	6071	6101	6173	7549	3181	6746	3447	6667	3555	6691	6706	5929	3817	6804	6838	6739	3055	502	3371	6095	3089	6008	6212	10000	6438	6497	6535	3742	6487	6535	3274	3342	6416	6595	7104	6272	6382	7030	6917	7034	1692
3835	3377	6982	6270	7926	4203	7020	6432	3520	6670	6911	7101	2778	3511	4063	7059	6927	6281	6452	6457	6869	6483	6522	6428	7939	3436	7836	6617	6909	3393	7142	7146	6219	6997	4154	3422	6295	6463	7004	6584	6940	3337	6238	6821	6127	7933	6413	6985	6782	6590	3606	6243	6453	7078	6854	7109	7087	6911	4166	6888	6922	6919	6383	3377	6504	3672	6454	3757	6406	6433	6814	4010	6486	6514	6455	3287	463	3581	7866	3306	6623	7063	6438	10000	7493	6878	3733	6836	6952	3345	3327	6385	5816	6456	6692	6873	6349	6243	6348	1757
3773	3258	7020	6316	7568	4222	6987	6489	3420	6625	6827	7185	2678	3410	4031	7096	6859	6208	6380	6514	6797	6351	6490	6438	7559	3316	7583	6612	6918	3287	7085	7088	6204	7039	4162	3328	6224	6555	6938	6560	6967	3227	6220	6680	6215	7584	6474	6868	6658	6504	3539	6329	6540	7041	6895	7070	7048	6868	4136	6874	6872	6949	6280	3257	6482	3579	6337	3666	6423	6420	6727	3990	6524	6457	6451	3181	461	3508	7467	3187	6688	7016	6401	7493	10000	6878	3644	6776	6848	3241	3185	6369	5761	6366	6613	6760	6289	6064	6206	1696
3630	3046	7905	6331	6854	4187	7271	6586	3211	6497	7132	8054	2555	3309	3954	9116	7269	6203	6299	7048	6979	6286	6343	6689	6827	3108	6877	6445	7373	3062	7377	7375	6358	8022	4119	3097	6070	6593	7733	6499	7395	3004	6186	7193	6321	6879	6496	7167	6967	6486	3500	6401	7041	7455	7357	7312	7470	7525	4041	7220	7243	7663	6181	3030	6321	3341	6201	3476	6310	6331	7068	3896	6518	6378	6327	3066	466	3393	6739	2900	7253	7363	6288	6718	6878	10000	3526	7379	7143	3124	2931	6392	5677	6221	6907	6875	6100	5897	6082	1593
3761	3057	3511	3517	3501	3927	3533	3525	3131	3520	3489	3505	2902	3133	3822	3520	3516	3495	3497	3538	3477	3535	3500	3482	3530	3089	3493	3516	3548	3053	3516	3516	3485	3518	3429	3062	3486	3537	3522	3559	3504	3030	3523	3509	3533	3513	3510	3507	3466	3542	3163	3541	3527	3534	3542	3528	3513	3487	3408	3507	3512	3517	3465	3050	3496	3290	3488	3233	3482	3496	3501	3805	3525	3497	3498	3045	606	3156	3524	2998	3500	3530	3477	3521	3519	3526	10000	4319	4335	4059	3752	4364	4321	4373	4303	4319	4291	4283	4335	1765
4321	3663	8959	7399	7989	4897	8521	7613	3858	7636	8285	9139	3130	3986	4640	9108	8428	7304	7454	8119	8209	7356	7496	7810	8030	3738	8075	7589	8573	3698	8619	8617	7420	9062	4845	3733	7157	7618	8760	7587	8552	3618	7253	8401	7332	8064	7551	8353	8184	7564	4140	7382	8119	8582	8512	8486	8666	9273	4789	8388	8394	9396	7344	3651	7463	4026	7271	4148	7457	7452	8237	4602	7562	7481	7484	3695	579	4079	7919	3515	8289	8508	7418	7936	8053	9082	4319	10000	7134	3229	3046	6406	5754	6297	6902	6927	6220	6031	6178	1628
3648	3104	7220	6134	6753	4056	7376	6319	3268	6416	7719	7389	2582	3332	3870	7329	7832	6107	6247	6835	7024	6170	6275	7208	6764	3170	6777	6432	7291	3126	8030	8026	6665	7346	4022	3159	5990	6319	7099	6344	7206	3069	6083	6904	6085	6801	6301	7296	6826	6304	3471	6145	6844	7427	7277	7481	8411	6987	4017	7791	7874	7105	6154	3105	6217	3390	6136	3510	6246	6264	6742	3819	6348	6260	6266	3080	467	3385	6735	2960	6745	7948	6224	6721	6779	7323	3611	7134	10000	3259	3129	6414	5835	6351	7698	7837	6297	6162	6225	1661
3309	2900	3265	3198	3269	3279	3216	3190	2961	3157	3309	3178	3217	3536	3276	3191	3306	3191	3180	3327	3249	3264	3192	3323	3252	2905	3235	3205	3351	2894	3239	3238	3344	3249	3134	2899	3263	3175	3290	3199	3259	2866	3309	3324	3176	3226	3139	3239	3262	3225	3143	3156	3334	3211	3346	3283	3223	3247	2997	3312	3303	3259	3168	2901	3197	3092	3212	3046	3172	3165	3366	3368	3144	3181	3173	3397	429	3394	3245	2842	3281	3296	3142	3259	3233	3228	3407	3254	3259	10000	3309	3667	3688	3736	3859	3751	3654	3719	3734	1901
4587	7428	3520	3514	3679	4372	3569	3457	6118	3712	3594	3439	3126	3345	4481	3472	3521	3661	3652	3517	3635	3662	3637	3579	3683	6869	3637	3702	3446	6959	3563	3568	3612	3446	5472	6064	3690	3482	3552	3610	3544	6871	3651	3585	3509	3667	3538	3634	3680	3620	3278	3526	3504	3545	3406	3608	3541	3563	5381	3577	3574	3478	3707	7412	3657	6003	3714	5450	3651	3628	3614	4403	3564	3644	3649	3398	593	3460	3706	4915	3545	3551	3674	3712	3639	3467	3607	3515	3584	3309	10000	4101	4311	4225	4127	4255	4289	4337	4257	2032
4966	4102	8683	8693	8393	5740	8711	9306	4337	8859	8343	9071	3303	4422	5403	8939	8508	8171	8358	8156	8226	8296	8419	7970	8404	4213	8460	8770	8780	4151	8746	8734	7681	8850	5651	4208	7953	8491	8714	8689	8609	4047	8088	8252	9686	8477	8592	8386	8007	8590	4718	8411	8142	8841	8746	8648	8716	8429	5617	8422	8430	8617	8094	4107	8382	4559	8239	4743	8283	8365	8125	5335	8695	8443	8344	4058	543	4486	8282	3914	8309	8643	8284	8369	8547	8883	4928	8684	8627	4307	4101	10000	5480	6049	5784	5852	5816	5577	5813	1593
3451	2988	5457	5161	5366	3843	5472	5490	3118	5446	5360	5641	2425	3080	3699	5543	5326	6648	6377	5946	5299	6174	6400	5874	5348	3049	5350	5385	5362	3006	5530	5522	5724	5560	3784	3029	5659	5446	5387	6418	5333	2964	6729	5202	5846	5390	5976	5348	5274	6265	3259	6348	5944	5519	5311	5393	5500	5345	3798	5307	5338	5441	5823	2980	6337	3231	5812	3362	6256	6263	5143	3616	5978	6427	6300	2887	466	3098	5314	2894	5288	5488	5943	5320	5396	5507	3406	5444	5478	3023	3009	5480	10000	6619	5775	5923	6913	6523	6785	1696
3806	3237	6561	6354	6443	4283	6514	6602	3395	6564	6322	6732	2676	3446	4087	6651	6400	6960	7163	5963	6304	7347	7263	5864	6463	3297	6511	6493	6503	3264	6598	6594	5682	6606	4219	3305	7080	6610	6535	7611	6483	3198	6998	6339	6146	6494	7101	6383	6201	7574	3592	6889	5933	6575	6518	6561	6581	6364	4179	6373	6396	6474	6893	3238	7244	3555	7123	3638	7099	7137	6310	4041	7217	7263	7130	3212	444	3529	6374	3110	6334	6522	7017	6473	6536	6613	3777	6530	6535	3356	3232	6630	6619	10000	5979	6074	6760	6660	6944	1669
3519	3005	6866	5851	6431	3920	6932	5996	3170	6068	7330	6948	2679	3344	3752	6953	7887	5744	5894	6498	6734	5873	5910	6747	6433	3065	6463	6037	6957	3029	7474	7470	6261	6938	3894	3064	5786	6004	6760	6006	6889	2979	5756	6622	5715	6465	5956	6930	6492	6012	3422	5814	6499	6993	6942	7022	7662	6732	3811	7434	7443	6753	5815	2997	5897	3285	5806	3378	5881	5885	6499	3718	5955	5945	5896	3127	484	3416	6386	2892	6466	7429	5883	6371	6446	6972	3529	6797	7522	3292	2998	6020	5484	5979	10000	8039	6052	5981	6057	1660
3677	3189	7092	6067	6769	4057	7215	6220	3323	6423	7609	7200	2697	3377	3889	7153	8107	6091	6239	6764	7063	6168	6245	7081	6746	3246	6777	6398	7174	3199	7795	7796	6572	7148	4014	3219	6024	6202	7036	6281	7076	3149	6081	6846	5989	6730	6212	7190	6833	6252	3492	6100	6772	7320	7117	7324	8022	6947	4007	7724	7720	6984	6120	3171	6227	3442	6104	3563	6164	6148	6762	3845	6250	6274	6167	3173	502	3473	6683	3065	6693	7736	6158	6732	6779	7139	3644	7017	7878	3292	3180	6265	5786	6249	8039	10000	6279	6190	6286	1694
3727	3249	6395	6105	6356	4136	6419	6288	3389	6406	6257	6566	2687	3353	3994	6506	6221	7239	7470	5885	6256	7151	7490	5845	6292	3319	6382	6353	6319	3277	6456	6458	5733	6479	4098	3315	6643	6314	6380	7443	6333	3237	7028	6198	6009	6358	7006	6277	6185	7333	3506	6814	5868	6430	6294	6418	6443	6273	4103	6307	6300	6334	6814	3253	7514	3551	6833	3651	9087	9057	6139	3937	7039	7544	9092	3156	519	3469	6261	3155	6169	6384	6895	6321	6410	6440	3680	6405	6434	3260	3258	6330	6865	7069	6152	6279	10000	7094	7270	1694
3757	3351	6254	5964	6305	4086	6272	6123	3452	6334	6227	6423	2829	3465	3956	6357	6237	6932	7176	5770	6239	7189	7206	5757	6298	3400	6264	6313	6230	3346	6346	6340	5657	6293	4033	3386	6753	6113	6324	7281	6272	3312	6927	6182	5824	6289	6813	6259	6216	7287	3559	6561	5754	6324	6223	6347	6358	6268	4051	6242	6261	6277	6888	3354	7174	3619	6873	3690	7057	7066	6129	3909	6839	7202	7081	3283	532	3574	6250	3269	6146	6314	6885	6309	6273	6318	3728	6303	6390	3368	3344	6160	6574	7069	6171	6282	7094	10000	7342	1759
3903	3363	6620	6349	6553	4322	6620	6592	3516	6658	6482	6798	2821	3567	4158	6705	6497	7363	7577	6073	6435	8707	7643	5974	6563	3418	6581	6593	6618	3388	6652	6660	5829	6659	4262	3429	7098	6582	6648	7938	6560	3319	7625	6445	6203	6581	7279	6541	6368	7777	3693	7022	6025	6651	6595	6672	6642	6465	4257	6481	6513	6567	7083	3373	7629	3671	7218	3777	7437	7459	6401	4100	7312	7630	7439	3335	511	3647	6485	3267	6422	6608	7176	6574	6579	6677	3867	6616	6616	3465	3363	6580	7008	7553	6404	6538	7450	7342	10000	1692
1564	1532	1677	1709	1703	1584	1669	1684	1519	1714	1680	1666	1351	1723	1542	1667	1681	1645	1649	1720	1664	1708	1665	1685	1708	1515	1699	1733	1694	1511	1680	1680	1684	1671	1543	1454	1683	1713	1729	1697	1701	1493	1753	1694	1716	1705	1651	1674	1673	1717	1347	1683	1718	1674	1696	1733	1680	1664	1596	1688	1685	1662	1644	1525	1680	1668	1723	1605	1657	1656	1724	1544	1682	1675	1658	1605	53	1672	1707	1582	1669	1684	1647	1736	1715	1669	1502	1663	1684	1683	1531	1720	1671	1732	1674	1680	1656	1678	1692	10000
